59.9988133330767
46.18489593028097
32.238857652715645
47.29376757301588
50.78956687150519
46.25707425514224
43.71529576871938
46.198136450275356
39.85251284862889
46.76289534564083
33.914299473935124
49.68306857885573
39.59184247606648
53.615105942299195
34.13457919083901
73.27342760411193
46.54344787505812
33.71446721626825
46.31036853698006
41.5994191982373
61.94277986312934
45.579026063336464
37.860562518849356
47.161644829964324
48.074868518840276
48.6531610302697
58.90582071055895
56.962816184120534
52.180966194685205
52.834147075840484
57.135795051967335
59.6631422451944
60.09972179478211
59.42421037241529
58.98833624205294
51.42892672464048
49.203093155383065
45.46362415797316
44.9817280640999
50.74600658824531
